3 1 1
4
0.0 0.1 0.5 1.0
2 2 2
0.0 0.0 0.1 0.0 0.0 0.1 0.0 0.0 0.1
0.1 0.0 0.1 0.0 0.1 0.1 0.1 0.0 0.1 
0.0 0.05 0.1 0.2 0.0 0.1 0.0 0.2 0.1 
0.0 0.0 0.05 0.0 0.0 0.3 0.0 0.0 0.3
4
0.0 0.1 0.5 1.0
2 2 2
0.0 0.1 0.1 0.0 0.0 0.1 0.3 0.0 0.1
0.0 0.2 0.1 0.0 0.1 0.1 0.1 0.0 0.1 
0.0 0.05 0.1 0.2 0.0 0.1 0.0 0.2 0.1 
0.0 0.15 0.05 0.0 0.0 0.33 0.3 0.0 0.3
4
0.0 0.1 0.5 1.0
2 2 2
0.0 0.1 0.1 0.0 0.0 0.1 0.3 0.0 0.1
0.0 0.2 0.1 0.0 0.1 0.1 0.1 0.0 0.1 
0.0 0.05 0.1 0.2 0.0 0.1 0.0 0.2 0.1 
0.0 0.15 0.05 0.0 0.0 0.3 0.3 0.0 0.3