3
7 1 1
0 0 0.1 
0 0 0.314159 
0 0 0.314159 
0.05 0 0.1 
0.024929 0.15708 0.314159 
0.15708 -0.024929 0.314159 
0.1 0 0.1 
0.0501607 0.314159 0.314159 
0.314159 -0.0501607 0.314159 
0.05 0.025 0.1 
0.339088 0.107341 0.339088 
0.20724 0.290359 0.339088 
0 0.05 0.1 
0.628319 -0.102834 0.314159 
0.102834 0.628319 0.314159 
0 0.025 0.075 
0.314159 -0.102834 0.628319 
0.102834 0.314159 0.628319 
0 0 0.05 
0 0 0.942478 
0 0 0.942478 
0 1.57077 0 
1.57077 0 0 
0 3.14155 0 
3.14155 0 0 
0.783846 1.18117 -0.0626001 
1.18173 0.76426 0.182641 
1.56766 -0.741072 -0.24061 
-0.779195 1.54839 0.245196 
0.15998 -0.638384 0.384473 
-0.104237 0.161206 0.624191 
-1.24595 -0.385225 1.1849 
0.384997 -1.24654 1.1856 
-0.622938 -0.097528 0.622938 
0.0998577 -0.623307 0.623307 
7 1 1
0 0.1 0.1 
0 0 0.314159 
0.942478 -0.161053 0.314159 
0 0.15 0.1 
0.024929 0.15708 0.314159 
0.628319 -0.102834 0.314159 
0 0.2 0.1 
0.0501607 0.314159 0.314159 
0.314159 -0.0501607 0.314159 
0 0.125 0.1 
0.339088 0.107341 0.339088 
0.20724 0.290359 0.339088 
0 0.05 0.1 
0.628319 -0.102834 0.314159 
0.102834 0.628319 0.314159 
0 0.1 0.075 
0.314159 -0.111127 0.675442 
0.574073 0.162409 0.704331 
0 0.15 0.05 
0 0 1.03673 
0.942478 -0.508017 0.942478 
0 1.57077 0 
-3.14141 0 0 
0 3.14155 0 
-6.28281 0 0 
0.783846 1.18117 -0.0626001 
-3.53045 0.76426 0.182641 
1.56766 -0.741072 -0.24061 
-0.779195 1.54839 0.245196 
0.161503 -0.681498 0.468865 
0.824291 0.0371899 0.466994 
-1.24249 -0.443004 1.36262 
2.24125 -1.63772 0.477025 
-0.6212 -0.11216 0.716372 
1.0259 -0.888527 0.0726452 
7 1 1
0 0.1 0.1 
0 0 0.314159 
0.942478 -0.161053 0.314159 
0 0.15 0.1 
0.024929 0.15708 0.314159 
0.628319 -0.102834 0.314159 
0 0.2 0.1 
0.0501607 0.314159 0.314159 
0.314159 -0.0501607 0.314159 
0 0.125 0.1 
0.339088 0.107341 0.339088 
0.20724 0.290359 0.339088 
0 0.05 0.1 
0.628319 -0.102834 0.314159 
0.102834 0.628319 0.314159 
0 0.1 0.075 
0.314159 -0.102834 0.628319 
0.574073 0.162409 0.704331 
0 0.15 0.05 
0 0 0.942478 
0.942478 -0.508017 0.942478 
0 1.57077 0 
-3.14141 0 0 
0 3.14155 0 
-6.28281 0 0 
0.783846 1.18117 -0.0626001 
-3.53045 0.76426 0.182641 
1.56766 -0.741072 -0.24061 
-0.779195 1.54839 0.245196 
0.15998 -0.638384 0.384473 
0.824291 0.0371899 0.466994 
-1.24595 -0.385225 1.1849 
2.24125 -1.63772 0.477025 
-0.622938 -0.097528 0.622938 
1.0259 -0.888527 0.0726452 
